117.25 152.833
120.167 176.167
124.25 197.167
131.25 229.833
149.333 240.333
174.417 246.167
191.917 263.667
213.5 286.417
247.917 296.333
264.25 280.583
270.083 250.25
278.833 237.417
283.5 221.083
280 205.917
272.417 186.667
277.083 162.75
279.417 141.75
152.25 141.167
167.417 129.5
183.167 122.5
194.833 121.333
207.667 119.583
241.5 111.417
254.333 112
264.25 115.5
271.25 120.75
277.667 127.167
239.167 143.5
245 159.25
251.417 182.583
259 203.583
203.583 196.583
222.833 196.583
238 198.333
251.417 194.833
263.667 193.083
151.667 157.5
165.083 142.917
188.417 136.5
204.167 145.25
194.833 156.917
178.5 160.417
244.417 133
252 130.667
266.583 131.25
274.167 142.333
266 146.417
251.417 141.75
194.25 226.917
206.5 214.667
218.75 214.083
233.917 217.583
242.667 214.083
252 213.5
259.583 217.583
254.917 226.333
247.917 232.75
234.5 235.667
219.333 235.667
207.083 232.167
194.833 225.75
216.417 221.083
234.5 225.75
247.917 221.667
255.5 218.75
247.917 224
235.083 228.083
217 222.833
