48.3083 96.305
41.7633 108.46
47.9967 121.238
48.3083 137.445
49 159
58.5933 175.78
67.32 193.857
75.735 209.128
102.538 222.842
120.615 210.998
126.537 191.052
132.458 175.78
143.99 156.145
144.613 133.082
146.172 117.81
152.717 106.902
143.99 91.63
67.32 70.125
72.3067 67.0083
77.9167 66.0733
83.5267 66.6967
86.955 68.8783
113.447 70.4367
119.992 68.255
125.602 67.6317
129.653 69.8133
132.77 73.5533
101.292 85.085
101.915 93.5
102.538 101.915
103.162 109.707
77.605 115.94
89.76 114.693
102.538 120.303
110.953 114.382
124.667 113.758
71.6833 86.6433
77.2933 82.9033
83.5267 81.9683
90.3833 86.02
84.4617 86.3317
77.9167 86.6433
110.642 84.7733
117.81 82.28
124.043 83.5267
128.407 86.3317
123.42 86.3317
117.187 86.3317
60.1517 134.64
78.2283 129.965
94.1233 130.9
102.85 132.147
110.642 130.9
120.927 129.965
133.705 133.393
129.653 155.522
119.68 176.715
100.98 182.013
79.475 177.027
68.8783 159.262
65.1383 136.198
85.7083 134.64
101.915 137.133
115 135
130.588 135.887
119.368 160.197
100.357 162.69
74.1767 155.833
