82 136.5
80 154
81 173
86 193
99 212
113 222.5
124 231.5
140 242
160 248
180.5 239.5
192.5 228
203.5 215
210.5 199.5
215.5 182.5
216 163
215 145.5
212 122.5
102.5 121.5
107 114.5
118 109
127.5 109.5
140 113
166 113.5
175.5 109.5
186.5 106.5
196 109.5
201.5 114.5
155 127
157 138
159 152.5
159.5 170.5
130.5 174
145.5 179.5
158.5 185.5
174 176.5
183.5 169
114 133
120.5 129
129 127.5
135.5 130
129 129
120 129.5
172.5 131
179.5 129
186.5 128.5
194.5 133
186 129
180.5 128
128.5 193.5
141 190.5
154 191
160 193
167 191
176.5 190
185 193
176.5 204.5
168 215
161 216
154 216
140.5 208.5
130.5 194
146.5 194
159.5 195.5
170 193.5
182.5 193.5
170 202
158.5 207
142.5 202
