229 250
183 278
158 299
142 340
141 413
158 436
166 485
165 526
217 571
259 578
298 555
330 526
384 513
424 490
456 453
460 411
455 358
254 241
276 230
296 231
314 236
335 245
381 260
402 264
420 273
439 295
443 323
344 294
335 315
327 336
317 364
276 360
294 367
305 382
328 379
344 390
269 272
287 272
302 278
314 290
296 288
279 282
367 313
381 313
395 319
404 330
390 329
378 324
203 391
232 382
255 378
298 407
339 414
357 440
365 461
337 479
304 488
259 482
221 452
210 423
209 396
255 391
291 415
336 427
359 461
313 479
266 467
224 435
