138 198
127 227
120 261
120 299
138 328
184 389
218 468
233 585
298 611
367 581
374 471
419 381
464 318
475 294
482 260
470 224
462 197
179 202
201 192
219 186
241 177
264 174
336 171
360 175
380 181
396 190
412 203
303 201
304 224
305 247
305 272
237 276
273 279
305 293
335 281
365 277
202 215
225 203
239 198
270 203
249 211
227 214
335 204
350 198
373 198
395 209
374 212
352 208
151 308
227 293
284 293
307 303
331 292
397 289
455 304
389 402
349 470
303 492
252 473
208 402
161 314
226 305
307 320
381 305
448 308
382 399
304 423
218 398
