52 122
51 140
52 157
56 175
63.72 189.587
73.9467 201.387
87.7133 219.087
95.9733 243.867
118.393 247.407
138.453 243.08
145.927 218.3
159.693 200.6
167.953 189.193
176.213 174.247
178.967 154.973
178.967 135.7
177 116.427
68.44 117.607
77.4867 111.313
86.5333 108.167
94.4 103.84
104.627 99.9067
123.507 101.48
133.34 105.413
143.567 108.953
153.793 110.92
162.84 118.393
114.46 118.393
112.887 130.193
113.28 142.387
112.887 155.76
92.4333 156.94
102.267 158.907
113.673 162.84
123.9 158.513
134.913 154.58
71.5867 126.653
81.8133 124.293
92.4333 123.9
103.84 121.54
92.4333 124.293
81.8133 125.867
129 123
138.453 121.54
147.107 121.933
155 122
146 122
138 122
80.24 173.067
90 171
104 169
114 171
123 169
138 170
151.433 170.707
138 195
130.587 215.547
116.033 218.3
103.447 215.94
91 195
84.5667 176.213
100.693 174.247
114 177
127.44 173.853
146.713 172.28
127.047 198.633
114.853 208.86
101.48 200.207
