141.05 344.5
146.9 356.2
152.1 368.55
159.25 381.55
162.5 394.55
166.4 407.55
174.85 425.75
184.6 434.2
198.9 438.1
211.25 431.6
217.75 414.7
222.3 400.4
222.95 388.05
221 373.75
222.3 358.15
224.25 346.45
228 326
152 334
156 328
163 325
170 325
176.15 325
189.8 323.05
195.65 321.1
203 318
211 318
217 322
184.6 334.1
186.55 347.1
187.85 358.15
188.5 368.55
174.2 377.65
181.35 377
189.8 378.3
196.3 373.75
204.1 373.1
161 338
165 335
170 334
175 336
171 339
165 340
195 332
199 328
204 327
209 329
205 332
200 333
177.45 408.2
183.3 403
188.5 399.75
194.35 401.05
198.25 398.45
204.75 401.05
211.9 403.65
204.75 410.8
200.2 414.7
196.3 417.95
189.8 416
184.6 412.1
178.75 406.9
186.55 405.6
195 406.9
200.2 404.95
208 404.3
199.55 406.25
194.35 407.55
185.25 405.6
