247.5 168.3
235.4 178.2
225.5 201.3
226.6 240.9
215.6 281.6
224.4 313.5
242 324.5
250.8 350.9
261.8 367.4
327.8 358.6
357.5 348.7
397.1 328.9
429 315.7
445.5 291.5
442.2 253
440 222.2
427.9 185.9
255 136
257 119
270 110
285 109
299 117
318 120
341 109
367 110
390 124
393.8 145.2
304.7 151.8
292.6 162.8
286 171.6
275 182.6
254.1 216.7
268.4 212.3
282.7 216.7
305.8 212.3
323.4 217.8
267 154
272 146
282 145
292 150
282 152
273 153
340 150
351 144
362 145
374 154
361 152
350 152
237.6 289.3
247.5 258.5
267.3 240.9
278.3 250.8
297 242
326.7 262.9
348.7 288.2
315.7 288.2
297 293.7
275 299.2
256.3 302.5
245.3 297
243.1 284.9
256.3 271.7
277.2 273.9
299.2 269.5
344.3 284.9
299.2 267.3
279.4 269.5
256.3 271.7
