192.66 408.98
188.153 456.3
188.153 511.507
211.813 548.687
237.727 590.373
253.5 628.68
267.02 681.633
303.073 708.673
345.887 691.773
387.573 708.673
422.5 673.747
428.133 632.06
450.667 586.993
477.707 541.927
502.493 508.127
501.367 454.047
496 407
216.32 374.053
245.613 379.687
265.893 393.207
286.173 405.6
308.707 417.993
379.687 415.74
407.853 401.093
429.26 389.827
447.287 379.687
470.947 374.053
346 436
345 467
344.76 500.24
344.76 527.28
308.707 529.533
322.227 539.673
345.887 547.56
365.04 539.673
380.813 529.533
228.713 398.84
252.373 407.853
277.16 417.993
306 435
274.907 442.78
243.36 436.02
380.813 434.893
407.853 416.867
434.893 406.727
459.68 403.347
449.54 437.147
415.74 443.907
271.527 581.36
298.567 582.487
322.227 577.98
342 589
362.787 579.107
389.827 581.36
416.867 588.12
392.08 616.287
374.053 633.187
343.633 641.073
312.087 636.567
298 615
280.54 585.867
321 598
343.633 600.513
368.42 596.007
405 592
367.293 598.26
341.38 601.64
322.227 598.26
