211.467 86.6667
213.2 102.267
214.933 117
213.2 137.8
211.467 156
216.667 174.2
227.933 188.933
240.067 197.6
254.8 201.067
273 193.267
285.133 184.6
295.533 167.267
299.867 147.333
301.6 129.133
301.6 112.667
299.867 97.0667
299 83
221.867 83.2
226.2 79.7333
229.667 78
236.6 77.1333
242.667 76.2667
256.533 76.2667
262.6 74.5333
266.933 76.2667
273.867 78
278.2 80.6
248.733 87.5333
249.6 103.133
249.6 130.867
249.6 151.667
235.733 142.133
242.667 144.733
249.6 145.6
257.4 143.867
266.933 142.133
227 87
231 83
237 82
241 86
236.6 85.8
231 88
259 85
264 82
270 82
275 85
269.533 86.6667
264.333 85.8
229.667 161.2
238.333 161.2
245.267 161.2
251.333 161.2
258.267 161.2
264.333 159.467
275.6 156
271.267 166.4
263.467 171.6
253.933 176.8
241.8 174.2
238.333 172.467
233.133 162.933
245.267 163.8
251.333 164.667
260 163.8
269.533 159.467
262.6 166.4
254.8 169
244.4 168.133
