252.5 927.5
260 1045
340 1142.5
385 1262.5
400 1470
397.5 1562.5
480 1625
520 1705
585 1712.5
682.5 1725
765 1647.5
907.5 1610
992.5 1477.5
987.5 1352.5
1030 1180
1140 1090
1170 930
294 864
335 792
418 772
506 787
545 832.5
685 830
762.5 805
837.5 802.5
922.5 820
990 867.5
611 923
599 1027
585 1129
571 1232
490 1325
530 1352.5
575 1362.5
642.5 1330
712.5 1325
383 916
423 886
480 887
526 933
472.5 955
425 945
727.5 940
782.5 892.5
852.5 885
900 922.5
852.5 962.5
797.5 960
475 1482.5
502.5 1457.5
535 1435
562.5 1440
595 1432.5
640 1457.5
675 1487.5
652.5 1502.5
610 1512.5
565 1515
537.5 1522.5
502.5 1520
482.5 1475
532.5 1470
560 1480
587.5 1475
662.5 1487.5
587.5 1467.5
557.5 1472.5
530 1460
