232.5 351
231 366
231 396
219 490.5
235.5 669
273 729
316.5 801
339 847.5
423 879
508.5 843
541.5 790.5
585 724.5
630 657
631.5 486
624 417
619.5 378
622.5 339
264 321
286.5 289.5
313.5 250.5
351 228
385.5 211.5
472.5 214.5
513 229.5
543 252
571.5 280.5
592.5 327
426 352.5
429 447
433.5 564
430.5 622.5
354 589.5
397.5 628.5
432 634.5
459 619.5
502.5 582
285 360
304.5 346.5
337.5 343.5
364.5 352.5
342 361.5
312 366
486 357
522 346.5
547.5 348
571.5 363
546 369
517.5 363
316.5 667.5
366 689
396 700.5
414 715.5
435 703.5
466.5 694.5
522 676.5
475.5 720
450 742.5
423 750
394.5 744
369 726
345 684
381 706.5
415.5 723
456 708
502.5 688.5
453 721.5
414 733.5
378 714
