249.013 352.053
234.293 404.8
226.933 457.547
237.973 505.387
277.227 531.147
321.387 555.68
372.907 597.387
419.52 641.547
475.947 669.76
521.333 653.813
518.88 617.013
538.507 549.547
571.627 517.653
593.707 488.213
621.92 446.507
602.293 404.8
569.173 366.773
348.373 298.08
379.04 300.533
394.987 306.667
418.293 312.8
437 326
500 325
520 312
542 307
563 309
577 323
471 359
486.987 401.12
511.52 430.56
539.733 457.547
429.333 446.507
471.04 456.32
490.667 468.587
501.707 456.32
499.253 442.827
338.56 354.507
370 342
393 344
421.973 374.133
394.987 369.227
364.32 365.547
490.667 374.133
516.427 347.147
544.64 350.827
558.133 369.227
540.96 374.133
517.653 379.04
295.627 461.227
364.32 457.547
421.973 471.04
470 481
498.027 482.08
536.053 479.627
572.853 479.627
534.827 529.92
509.067 565.493
474.72 580.213
425.653 574.08
371.68 544.64
317.707 468.587
379.04 474.72
461.227 504.16
510.293 502.933
577.76 474.72
509.067 538.507
477.173 553.227
377.813 529.92
