232.1 233.2
236.5 266.2
213.4 312.4
235.4 343.2
229.9 409.2
239.8 463.1
266.2 502.7
284.9 579.7
330 598.4
374 590.7
433.4 533.5
481.8 469.7
500.5 401.5
514.8 352
519.2 320.1
520.3 283.8
522.5 249.7
253 203.5
265.1 185.9
279 177
299.2 169.4
320.1 168.3
389.4 176
413.6 174.9
439 179
462 191.4
478.5 214.5
350.9 228.8
348.7 261.8
346.5 293.7
345.4 325.6
311.3 337.7
323.4 339.9
344.3 349.8
371.8 345.4
388.3 339.9
272.8 243.1
284 227
301 226
325.6 228.8
302.5 238.7
286 243.1
388.3 229.9
409 226
427 228
444 241
424.6 238.7
404.8 237.6
281 370
300 364
322 364
343 369
365 366
395 367
423.5 369.6
391.6 414.7
369.6 440
334.4 474.1
313.5 440
302.5 390.5
303.6 376.2
321 371
343 375
364 373
413.6 374
374 412.5
338.8 443.3
319 414.7
