242.88 471.04
242.88 543.413
249.013 603.52
269.867 655.04
293.173 709.013
331.2 744.587
375.36 792.427
421.973 823.093
467.36 832.907
496.8 820.64
528.693 777.707
543.413 731.093
569.173 672.213
570.4 619.467
567.947 575.307
548.32 538.507
594.933 484.533
341.013 431.787
372.907 429.333
397.44 437.92
417.067 456.32
435.467 485.76
509.067 495.573
529.92 483.307
549.547 477.173
567.947 473.493
590.027 478.4
478 524
490.667 558.133
501.707 578.987
516.427 610.88
435 634
460 637
482 642
501 640
517 635
369.227 509.067
390.08 498.027
409.707 507.84
426.88 515.2
409.707 523.787
392.533 520.107
490.667 516.427
505.387 509.067
522.56 512.747
536.053 523.787
517.653 527.467
500.48 527.467
387 687
424 680
457 675
477 682
493 679
512 685
527 698
512 724
494 736
474 735
452 731
421 715
401 689
455 691
475 695
492 695
518 698
493 705
476 704
456 699
