203 118
201 143
201 170
202.635 188.1
203.49 206.055
206.91 230.85
216.315 249.66
245.385 297.54
274.455 308.655
298.395 300.96
318.06 264.195
329.175 248.805
345.42 226.575
355 209
361 188
366 167
371 145
237.69 86.355
251.37 81.225
266.76 80.37
277.02 86.355
283.86 92.34
318.06 94.905
327.465 91.485
337.725 90.63
348.84 93.195
360.81 106.02
299 105
298 115
297 125
296 137
271 151
281 156
292 160
301 159
310 156
244 108
254 101
266 102
275 111
264 113
253 112
315 116
326 109
338 111
346 120
337 122
326 120
238.545 217.17
252.225 177.84
272.745 171
288.135 175.275
302.67 174.42
318.06 187.245
320.625 222.3
312.93 243.675
303.525 264.195
280.44 275.31
253.08 265.05
246.24 243.675
243.675 216.315
268.47 177.84
286.425 182.97
308.655 186.39
316.35 222.3
304.38 252.225
281.295 265.905
250.515 244.53
