65.3333 262.667
76 292
84.6667 314
85.3333 331.333
70.6667 360.667
98 382
128 396.667
160 414
181.333 416.667
203.333 417.333
244 405.333
279.333 390
305.333 378
300 338
306.667 315.333
320.667 294.667
326.667 269.333
100.667 256.667
112 241.333
127.333 230.667
150.667 252
172.667 293.333
222 288
241.333 268.667
282 214.667
299.333 218.667
312 260
191.333 324
188.667 353.333
188 382.667
186 400
142 357.333
166.667 368
186.667 369.333
217.333 369.333
239.333 358.667
105.333 290.667
122 279.333
146.667 288
160.667 309.333
144 311.333
117.333 305.333
222 310
244 292.667
271.333 281.333
293.333 294.667
275.333 316.667
244.667 323.333
119.333 358
138.667 365.333
160 383.333
184.667 396
220 386
236.667 372
255.333 366.667
238 384
213.333 400.667
183.333 405.333
154.667 397.333
134 378
124 360
154 384
183.333 399.333
221.333 389.333
251.333 367.333
221.333 390
182.667 399.333
141.333 376.667
