90.4833 216.55
80.3167 257.217
78.2833 309.067
61 357.867
72.1833 398.533
81.3333 444.283
88.45 503.25
85.4 561.2
106.75 617.117
189.1 588.65
244 546
280.6 510.367
318.217 469.7
342.617 428.017
377.183 387.35
395.483 338.55
407.683 292.8
106.75 173.85
118.95 164.7
133.183 161.65
147.417 157.583
165.717 155.55
212.483 167.75
241.967 178.933
269.417 187.067
296.867 195.2
331.433 217.567
181 226
161.65 250.1
146.4 267.383
128.1 296.867
107.767 329.4
124.033 327.367
141.317 339.567
168.767 338.55
196.217 341.6
123.017 211.467
134.2 206.383
144.367 203.333
161.65 212.483
146.4 213.5
135.217 214.517
237.9 227.733
250.1 225.7
265.35 231.8
289.75 240.95
268.4 240.95
249.083 234.85
91.5 422.933
83.3667 397.517
109.8 378.2
138.267 395.483
169.783 381.25
209.433 409.717
230.783 434.117
204.35 468.683
163.683 511.383
114.883 518.5
104.717 483.933
104.717 455.467
100.65 424.967
114.883 403.617
137.25 404.633
195.2 411.75
219.6 436.15
186.05 461.567
143.35 477.833
119.967 461.567
