51.7367 94.1233
52.6717 107.213
52.6717 121.862
46 139
46.4383 153.34
56.4117 163.625
66 178
78 187
95.37 192.298
110.018 185.753
118 176
127 165
138.38 155.21
140.25 138.692
135.575 123.108
133.393 110.642
132.458 92.565
57 88
60 78
68 74
77 75
83.215 81.345
99.11 79.475
106.278 74.8
115 72
120.615 74.4883
124.978 82.5917
92 90
92 99
92 108
91.63 117.81
73.865 120.303
82.5917 121.55
92 128
100.668 120.927
110.018 119.68
62.9567 98.4867
69 91
75.1117 89.1367
80.41 91.3183
76.3583 95.37
70.125 97.24
104.097 90.0717
111.888 87.89
118.433 90.695
122.797 95.6817
115.005 96.6167
107.837 95.0583
65 143
72.6183 137.445
79.475 131.835
92 138
103.785 132.147
110.642 134.64
124.978 141.185
111.888 145.86
103.162 151.158
91.63 153.028
81.9683 152.717
73.865 147.107
69 143
77.9167 142.12
91.3183 148.353
105.343 139.627
122.797 141.497
105.032 141.185
90.3833 149.288
77.9167 143.055
