74.34 91.2533
73.16 101.087
62.9333 114.46
77.0933 124.687
77.88 140.42
86.14 152.613
93.22 159.3
96.76 171.1
119.967 180.54
143.567 169.92
147.107 156.153
154.58 149.073
159.3 139.24
163.627 122.327
175.033 108.56
165.2 95.9733
163.627 86.9267
82.9933 75.9133
88.8933 71.98
94.0067 70.4067
102.267 70.8
108.953 73.16
129.8 71.1933
137.273 66.8667
143.173 64.9
148.287 65.6867
155.367 70.8
121.54 88.1067
121.147 97.1533
122.327 105.02
121.933 112.887
97.5467 112.1
109.74 114.853
122.327 118.393
131.767 114.853
146.713 110.527
89 92
92.04 90.0733
96.76 90.0733
100.693 91.6467
97.5467 93.22
94 93
140.027 91.2533
144.747 89.68
149.467 89.68
153.4 90.86
149.467 93.22
145.14 92.8267
94 134
103 127
109.347 122.327
122 126
130.193 122.327
137.667 126.653
144 133
139 147
130.193 154.973
120.753 157.727
109.74 154.187
102 147
97 134
108.56 127.833
122 129
132.947 127.833
142 133
130 145
121 147
113 146
