127.857 302.207
101.44 355.04
80.3067 415.27
51.7767 483.953
48.6067 547.353
108.837 638.227
170.123 716.42
220.843 817.86
321.227 837.937
416.327 817.86
472.33 709.023
529.39 629.773
573.77 543.127
564.26 489.237
544.183 427.95
536.787 358.21
514.597 300.093
176.463 284.243
200.767 271.563
223 270
259 276
283.187 289.527
356.097 291.64
384.627 278.96
412.1 276.847
437.46 281.073
467.047 292.697
319.113 314.887
315.943 352.927
317 388.853
318.057 430.063
229.297 469.16
276.847 460.707
321.227 479.727
375.117 460.707
414.213 471.273
194.427 318.057
214.503 307.49
239.863 309.603
257.827 324.397
232.467 324.397
209.22 324.397
376.173 323.34
391 312
412 313
434.29 324.397
413 328
391 327
127.857 521.993
212.39 496.633
281.073 483.953
318.057 498.747
353.983 487.123
418.44 491.35
497.69 524.107
469.16 610.753
411.043 700.57
321.227 736.497
216.617 699.513
166.953 616.037
164.84 546.297
245.147 534.673
319.113 531.503
394.137 535.73
465.99 544.183
394.137 585.393
319.113 632.943
240.92 587.507
