129.253 301.92
111.493 328.56
114.453 362.107
134.187 393.68
159.84 415.387
173.653 451.893
183.52 491.36
203.253 529.84
236.8 550.56
275.28 535.76
310.8 478.533
342.373 426.24
366.053 400.587
389.733 364.08
399.6 319.68
391.707 268.373
371.973 218.053
133.2 277.253
141.093 258.507
148.987 250.613
163 237
185.493 246.667
207.2 217.067
231.867 219.04
258.507 220.027
283.173 222.987
317.707 239.76
194 259
185.493 279.227
172.667 304.88
164.773 329.547
169.707 349.28
182 347
200 350
222 338
247.653 328.56
149.973 295.013
156.88 281.2
166.747 276.267
177.6 275.28
171.68 287.12
158.853 291.067
232.853 250.613
249.627 243.707
270.347 247.653
292.053 254.56
272.32 258.507
252.587 256.533
175.627 405.52
179.573 380.853
191 366
210 365
223.973 355.2
265 351
302 359
276 402
255.547 429.2
224.96 443.013
205.227 447.947
190.427 432.16
188.453 407.493
196.347 384.8
217.067 378.88
242.72 366.053
293 363
252.587 413.413
222.987 422.293
204.24 426.24
