400 1046.67
416.667 1206.67
462 1358
498 1502
550 1634
610 1746.67
739 1834
859 1897
999 1920
1138 1903
1258 1834
1370 1760
1466.67 1663.33
1496 1497
1520 1356.67
1552 1204
1556 1049
519 890
580 801
690 777
786.667 850
876.667 910
1086.67 900
1181 809
1291 775
1405 803
1470 902
993 1020
993 1116
993 1213
991 1312
880 1413.33
934 1412
994 1428
1051 1413
1103.33 1413.33
622 1050
670 970
753.333 983.333
830 1066.67
766.667 1140
650 1130
1129 1071
1203.33 986.667
1303.33 966.667
1359 1055
1303.33 1113.33
1206.67 1123.33
830 1626
889 1558
950 1526
997 1540
1040 1526
1105 1558
1162 1635
1106 1673
1050 1689
1002 1693
951 1687
894 1670
868 1617
951 1594
998 1600
1044 1594
1127 1621
1044 1602
1000 1606
953 1599
