103 187
107 209
113 230
121 251
131 270
144 286
159 301
175 314
193 318
213 315
234 302
254 287
271 267
280 244
285 219
290 192
292 165
98.6667 158.667
108.667 148
122 148.667
138 152.667
150 165.333
196 162
213 152
231 146
251 148
264 157.333
176 188
177 205
177 222
177 239
168 247
173 251
180 253
188 250
196 248
111.333 179.333
127.333 172
147.333 178
158 192
139.333 195.333
122 192.667
204.667 193.333
218 177
240 170
258 178.667
245.333 189.333
223.333 194
155 269
164 267
173 265
182 269
192 265
205 267
221 271
208 283
195 289
185 289
175 288
165 280
160 271
174 274
183 276
193 275
216 271
193 275
183 276
174 273
