253.5 363
249 427.5
241.5 490.5
232.5 562.5
223.5 658.5
232.5 727.5
255 769.5
303 840
376.5 891
481.5 867
561 799.5
597 750
624 690
640.5 592.5
651 526.5
658.5 466.5
666 402
280.5 303
288 285
300 271.5
328.5 267
346.5 273
523.5 267
552 271.5
574.5 279
595.5 294
613.5 312
423 382.5
402 459
391.5 508.5
385.5 553.5
343.5 589.5
364.5 589.5
391.5 609
418.5 594
450 597
289.5 403.5
315 369
349.5 373.5
372 399
349.5 421.5
313.5 421.5
481.5 409.5
511.5 376.5
561 378
579 423
552 441
505.5 436.5
310.5 739.5
334.5 724.5
363 714
387 727.5
411 723
441 732
484.5 753
453 766.5
418.5 772.5
384 774
349.5 766.5
325.5 757.5
319.5 739.5
354 732
384 742.5
418.5 736.5
477 753
412.5 756
385.5 760.5
354 753
