168 239
160 270
109 285
84 323
124 379
166 425
211 486
259 540
328 557
375 544
394 498
426 462
457 432
487 399
507 346
471 314
442 275
216 215
232 183
266 170
295 168
316 186
375 191
394 179
411 187
423 201
432 224
354 234
370 270
382 305
392 338
321 347
343 357
370 360
392 362
413 357
238 242
253 236
269 239
285 249
265 249
250 247
386 258
403 251
418 250
427 262
414 263
403 260
147 346
226 350
294 373
348 398
391 389
429 380
480 373
420 434
393 470
332 489
267 468
209 427
158 352
265 385
351 411
396 405
453 384
390 456
325 465
230 428
