35.685 97.6
28.975 111.02
9.76 122.305
2.745 137.555
10.675 156.16
28.365 171.105
47.885 184.83
70.455 197.03
89.67 203.435
110.105 200.69
132.675 195.2
154.025 185.745
173.24 175.375
181.17 161.345
175.985 145.79
158.6 129.93
151.28 111.02
70 89
78.08 85.4
82.96 85.095
87.84 87.84
91.5 91.5
116.205 98.21
121.39 95.465
128.405 94.245
134.505 96.075
139.385 101.26
106.445 102.175
105.225 109.495
104.005 115.595
102.785 120.475
89.975 131.455
94.855 133.285
100.955 135.115
106.14 134.81
111.325 134.81
69.54 100.955
78 97
84 98
86.925 100.955
84.485 103.09
76.555 103.09
118.645 106.14
126 104
132.98 105.225
136.945 109.19
130.54 111.935
123.83 110.41
79.91 159.515
84.18 155.855
92.415 154.025
98 154
102.785 155.245
109.495 159.82
114.985 167.14
108.275 171.715
103.09 174.765
92.415 175.985
84.79 171.105
81.435 165.005
81.74 159.515
90 159
98 160
105.417 161.333
111.935 166.835
105.417 170.042
96 171
88 167
