108 320
113 367
126.243 426.723
156.5 468.457
186.757 509.147
232.663 556.097
287.96 615.567
342.213 661.473
393.337 664.603
420.463 644.78
426.723 574.877
442.373 497.67
463.24 440.287
496.627 377.687
509.147 321.347
477.847 298.393
448.633 279.613
183 255
204.493 228.49
229.533 206.58
259.79 196.147
287.96 199.277
373.513 185.713
399.597 186.757
420.463 189.887
436.113 214.927
442.373 241.01
353.69 257.703
364.123 281.7
374.557 304.653
384.99 327.607
304.653 345.343
336.997 347.43
373.513 352.647
396.467 348.473
417.333 346.387
219.1 260.833
246.227 248.313
270.223 244.14
287.96 258.747
267.093 262.92
241.01 263.963
380.817 261.877
397.51 250.4
424.637 256.66
428.81 267.093
415.247 270.223
394.38 268.137
215.97 454.893
300 406
338.04 395.423
376.643 392.293
416.29 388.12
438.2 394.38
453.85 426.723
432.983 480.977
417.333 510.19
375.6 526.883
325.52 525.84
275.44 500.8
234.75 453.85
307.783 415.247
372.47 420.463
428.81 401.683
444.46 430.897
416.29 486.193
367.253 499.757
301.523 498.713
