128.482 299.453
127.47 343.967
110.272 388.48
104.202 446.145
118.365 497.74
132.528 553.382
170.972 593.848
207.392 630.268
262.022 653.537
330.815 644.432
386.457 614.082
427 583
468 535
499 482
510.892 410.737
501.787 353.072
485.6 297.43
159 286
163 258
179.065 243.812
197.275 231.672
222.567 235.718
306.535 234.707
345.99 223.578
375.328 221.555
400.62 240.777
422.877 274.162
268 313
263 352
256 391
249 431
209.415 431.982
227.625 440.075
259.998 460.308
302.488 437.04
341.943 424.9
188.17 330.815
204.357 321.71
221.555 319.687
239.765 321.71
220 324
202 325
318.675 323.733
342.955 318.675
361.165 315.64
379.375 323.733
360.153 321.71
337.897 321.71
220.543 473.46
239.765 477.507
255.952 482.565
287.313 482.565
322.722 479.53
347.002 478.518
377 481
326.768 509.88
289.337 522.02
259.998 518.985
242.8 510.892
227.625 493.693
224.59 478.518
248.87 488.635
270.115 491.67
294 490
364 484
312.605 501.787
271.127 508.868
248.87 500.775
