105 377
111 417
121 451
146 481
159 517
179 549
202 577
228 593
263 596
311 578
354 553
388 522
409 481
424 440
434 388
431 336
421 281
95 337
97 324
111 314
129 312
148 316
200 287
225 262
262 242
308 239
334 258
177 337
176 358
174 379
171 401
178 441
182 435
191 426
208 420
225 424
116 375
126 360
145 352
160 359
145 374
131 379
243 329
260 310
283 302
308 306
290 323
266 329
176 517
170 484
178 453
193 451
206 438
234 450
276 469
263 495
247 518
226 528
206 531
192 530
181 508
196 488
211 485
223 481
261 474
230 485
215 496
200 496
