158 339
148 384
147 428
148 476
161 522
186 572
214 606
252 628
303 640
355 636
396 609
430 575
459 536
477 494
473 446
487 403
470 362
206 327
228 307
257 299
288 297
316 309
368 309
388 306
408 306
424 310
438 321
330 333
327 362
323 391
319 422
269 431
290 442
316 453
343 446
368 439
239 337
257 330
273 331
290 340
272 338
255 337
369 346
388 338
405 339
419 348
402 348
386 346
218 472
252 465
286 469
316 478
344 473
378 477
412 485
373 519
337 531
307 532
276 526
245 507
228 476
285 478
314 485
343 484
400 489
339 512
309 513
279 507
