233 215
223 251
216 296
211 348
208 402
208 452
268 532
328 589
408 611
458 568
496 505
522 417
503 346
484 302
467 259
444 222
425 183
238 178
250 170
261 164
272 160
288 159
341 141
354 137
366 137
379 141
391 145
329 209
339 271
347 310
352 332
311 352
329 351
355 354
373 346
390 342
247 221
264 204
281 195
302 196
287 209
267 218
344 194
362 182
384 183
404 194
384 197
361 194
264 411
302 394
334 384
364 388
393 376
428 375
467 373
441 408
415 436
374 455
320 452
291 435
280 411
320 401
365 403
406 385
451 379
423 417
374 438
322 436
