120.263 357.48
114.747 412.647
110.333 481.053
119.16 542.84
134.607 600.213
167.707 650.967
200.807 718.27
231.7 766.817
319.967 812.053
401.613 767.92
439.127 688.48
478 638
513 593
533 540
543 484
545 428
532.91 362.997
147.847 304.52
157 288
197 267
238.32 274.73
272.523 279.143
343.137 250.457
381.753 260.387
422.577 267.007
453.47 282.453
477.743 305.623
303 303
301 333
299 363
297 396
251 441
277 445
305 450
336 442
365 437
175 333
197 312
240.527 308.933
264.8 327.69
236.113 331
203.013 328.793
359.687 325.483
381.753 307.83
421.473 311.14
452.367 326.587
415.957 329.897
387.27 325.483
201 548
237 508
282 489
315 493
350 486
399 500
442 535
402.717 586.973
362.997 625.59
313.347 646.553
268.11 634.417
232.803 600.213
215 546
282 514
316 515
350 510
428 535
358.583 559.39
314.45 589.18
264.8 564.907
