120.608 182.972
118.255 197.092
125.315 209.447
138.847 222.978
143.553 239.452
142.377 258.278
150.613 284.753
161.203 299.462
179.442 307.11
194.738 300.05
201.798 283.577
210.035 258.867
211.8 238.275
214.742 221.802
226.508 208.858
234.157 192.973
228.273 177.088
143.553 166.498
150.025 167.087
155.908 167.087
163.557 167.087
171.205 167.087
201.798 170.028
208.858 167.087
214.742 164.733
220.037 162.38
224.743 160.615
190.62 180.618
192.385 190.032
193.562 202.975
193.562 213.565
172.97 222.39
180.03 220.037
188.267 223.567
192.385 221.213
198.268 220.625
142.965 180.03
148.848 177.088
157.673 176.5
163.557 180.618
156.497 184.737
148.26 184.148
202.387 182.972
206.505 178.265
212.977 177.088
217.683 180.03
212.977 182.383
207.682 183.56
165.322 248.277
174.147 245.923
181.207 245.335
187.678 246.512
192.973 244.747
196.503 244.158
201.21 244.747
198.268 254.16
193.562 260.632
186.502 264.162
177.677 261.22
169.44 255.925
169.44 248.865
178.265 250.042
185.325 249.453
191.797 248.865
200.033 245.923
191.208 248.865
184.737 249.453
176.5 248.865
