68.5 171
73.5 196.5
79.5 217
87 240.5
96 262
113.5 277
134 290.5
153 304
175 305
198.5 301
213 281.5
224 262
234.5 241.5
240 214.5
242.5 188
240 162
235 138.5
85 162.5
96.5 152
108.5 150
117 150
129 152
162.5 148.5
169.5 142
179 137
190.5 134
202.5 132.5
147.5 161.5
151 176.5
154 189.5
158 205
135 213
145.5 215.5
159 217
173 210
183.5 203
98 175
103 169
112 166
129.5 167
114 170
105 172
171 156
178 153
186 151
196 150
189 154
180 156
127.5 235.5
139 233
152 230
161 230
169 227
182 227
199.5 228.5
189 246.5
186 255.5
172.5 264
155 260
142 253
134.5 239
149.5 236.5
162 236
176 232
193 232.5
178.5 244.5
166 249.5
151.5 248.5
