1073 925
1077 1046
1094 1153
1127 1262
1181 1360
1243 1452
1301 1545
1372 1613
1473 1628
1573 1613
1640 1547
1697 1462
1761 1375
1812 1283
1848 1171
1864 1054
1873 937
1110 895
1170 850
1225 820
1310 825
1380 850
1540 850
1605 830
1680 810
1760 825
1810 865
1459 942
1460 1033
1462 1122
1463 1211
1295 1250
1401 1260
1463 1277
1530 1255
1615 1235
1172 957
1210 915
1320 930
1361 985
1295 1020
1200 1010
1572 980
1630 910
1725 905
1772 941
1745 990
1645 1000
1236 1357
1320 1327
1412 1315
1476 1325
1539 1307
1639 1314
1714 1343
1639 1466
1548 1529
1477 1541
1408 1532
1321 1470
1269 1364
1410 1348
1475 1355
1540 1341
1685 1350
1544 1458
1478 1470
1411 1460
