349.65 544.32
342.09 610.47
389.34 650.16
413 701
430.92 742.77
453.6 788.13
497.07 820.26
536.76 858.06
593 882
657 883
717 863
768 831
795.69 780.57
812.7 686.07
871.29 629.37
922.32 608.58
929.88 559.44
402.57 500.85
432.81 491.4
466.83 504.63
497.07 514.08
546.21 527.31
655.83 531.09
721.98 523.53
761.67 512.19
808.92 514.08
858.06 532.98
602 539
595 573
586 608
577 645
546 664
563 675
583 685
606 681
628 677
425.25 555.66
444.15 534.87
483.84 527.31
500.85 544.32
476.28 544.32
451.71 553.77
703.08 551.88
740.88 540.54
774.9 540.54
810.81 557.55
756 555.66
727.65 551.88
457.38 723.87
517.86 714.42
548.1 720.09
583 745
612 743
670.95 748.44
744.66 774.9
686.07 791.91
638.82 803.25
580.23 793.8
546.21 790.02
508.41 773.01
481.95 729.54
555 749
583 759
612 760
716.31 767.34
611 764
582 761
553 751
