146.033 431.36
144.91 486.403
144.91 530.213
155.02 575.147
187 613
214 646
249 676
291 702
342 708
392 696
434 667
468 630
491 586
500 533
497 477
491 420
481 366
178.61 380.81
188.72 360.59
203.323 351.603
222.42 354.973
241.517 362.837
311.163 321.273
335.877 295.437
360.59 276.34
399.907 267.353
430.237 295.437
285 373
289 397
291 421
294 447
258.367 489.773
275.217 484.157
297.683 484.157
322.397 478.54
351.603 477.417
202.2 410.017
210.063 389.797
232.53 384.18
251.627 394.29
234.777 399.907
215.68 407.77
338.123 372.947
357.22 350.48
390.92 342.617
410.017 365.083
392 377
366 381
232.53 578.517
264 540
290 525
312 527
333 519
369 524
439.223 561.667
380 581
349.357 587.503
321.273 588.627
294.313 591.997
269.6 586.38
244.887 572.9
284.203 557.173
320.15 551.557
357.22 545.94
425.743 559.42
358.343 550.433
316.78 557.173
286.45 563.913
