224.1 283.5
222 339
231 390
249 437
290.25 481.95
324 504.9
351 538.65
375.3 558.9
405 565.65
441.45 550.8
465.75 526.5
491.4 500.85
538.65 465.75
572.4 421.2
584.55 367.2
583.2 314.55
575 264
243 214.65
261.9 203.85
291.6 199.8
318.6 199.8
349.65 210.6
434.7 205.2
465.75 190.35
494.1 186.3
521.1 187.65
544.05 205.2
395 249
395 266
396 282
397 300
356 346
378 346
400 347
422 343
443 341
265 277
287 266
312 264
339 273
313 279
287 280
452 267
476 254
501 253
526 260
504 267
477 269
325.35 433.35
343 412
378 397
399 401
419 396
454 408
475.2 430.65
457.65 479.25
432 525.15
403 529
369.9 522.45
344.25 481.95
340.2 429.3
380 407
400 407
420 406
465.75 421.2
444.15 481.95
405 503.55
367.2 484.65
