343 522
336 596
333 676
341 750
371 822
422 887
479 944
536 989
593 993
627.583 964.75
654.5 913.75
682.833 872.667
711.167 818.833
723.917 777.75
749.417 716.833
770.667 675.75
772.083 627.583
467 539
516 517
568 520
618 540
643.167 563.833
711 565
737 551
761 544
783 542
796 553
682.833 616.25
692.75 658.75
704.083 701.25
715.417 749.417
613 761
640.333 765
665.833 776.333
685.667 783.417
699.833 786.25
522 590
553 581
586 584
612 603
584 612
549 609
693 611
719 596
747 598
761 613
746 625
719 622
539 830
584 818
629 813
652 822
674 817
689 824
671.5 854.25
677 871
660 893
635 896
609 892
572 871
552 832
624 835
647 838
668 836
677 842
665 849
643 854
619 851
