164.4 453.6
166.8 504
144 558
139.2 614.4
153.6 688.8
211.2 710.4
264 740
311 775
369 781
426 765
467 719
505.2 675.6
558 637.2
548.4 560.4
523.2 505.2
495.6 460.8
478.8 408
194.4 451.2
208.8 427.2
236.4 420
267.6 417.6
285.6 423.6
336 415.2
367.2 405.6
391.2 408
418.8 412.8
448.8 433.2
315.6 458.4
319.2 506.4
322.8 553.2
328.8 598.8
269 594
298 609
331.2 632.4
361 604
387 587
226.8 466.8
246 457.2
265.2 452.4
282 462
266.4 463.2
247.2 465.6
358.8 458.4
370.8 447.6
388.8 450
409.2 457.2
390 462
373.2 462
222 648
281 643
308.4 646.8
342 645.6
379.2 633.6
415.2 624
454.8 622.8
409.2 639.6
382.8 651.6
345.6 663.6
312 661.2
276 656.4
249.6 649.2
308.4 652.8
337.2 652.8
374.4 643.2
428.4 627.6
373.2 645.6
337.2 656.4
292.8 654
