159.6 521.85
148.05 556.5
160.65 600.6
159.6 665.7
154.35 720.3
184.8 763.35
205.8 810.6
239.4 855.75
273 890.4
322.35 865.2
360.15 813.75
391.65 777
421.05 736.05
422.1 670.95
426.3 601.65
441 562.8
447.3 525
183.75 480.9
207.9 471.45
231 466.2
251 471
270.9 475.65
334.95 481.95
361.2 472.5
383 469
403.2 472.5
422.1 477.75
297 522
294 544
291 566
288 588
267.75 610.05
278.25 609
289.8 605.85
297.15 606.9
305.55 611.1
200 535
219 521
242 522
264 538
241 542
217 542
338 538
359 521
384 522
404 537
384 544
360 543
235 693
251 660
269.85 639.45
287.7 645.75
305.55 636.3
325.5 660.45
339.15 699.3
323 725
303 734
285 734
269 731
250 720
245 690
271.95 658.35
285.6 663.6
298.2 657.3
332 697
305.55 703.5
284.55 701.4
268.8 699.3
