382.4 241.6
374 275
379 310
387 343
403 374
425 399
441.6 425.6
467.2 467.2
515.2 484.8
566.4 465.6
588.8 436.8
620.8 401.6
644.8 371.2
660.8 336
668.8 299.2
665.6 259.2
659.2 232
404.8 212.8
420.8 200
435.2 188.8
454.4 179.2
476.8 171.2
529.6 166.4
552 179.2
571.2 184
592 196.8
615 202
501 211
501 230
501 247
501 266
465.6 302.4
480 296
504 297
523.2 294.4
540.8 299.2
414.4 232
434 211
452 212
467.2 220.8
452 231
433 231
532.8 220.8
552 206
570 205
587 216
573 224
554 226
443 343
465 332
490 326
506 330
522 326
550 330
574 340
555.2 374.4
540.8 406.4
513.6 428.8
473.6 412.8
462.4 385.6
451 343
491 336
507 338
523 336
566 340
537.6 382.4
510.4 404.8
481.6 384
