107 103
109 120
111 136
114 152
118 166
127 179
138 188
150 196
165 198
180 196
193 188
206.267 180.767
216.467 166.6
219.867 149.6
221 133
223 117
223 101
119 58.3667
126.367 59.5
136.567 61.7667
145.067 66.3
153.567 68.5667
179.067 78.7667
187 75.9333
195 74
202.3 73.1
212.5 70.2667
163 98
163 109
163 120
164 131
153.567 141.667
159 141
165 142
170 141
176.233 141.1
115.6 92.9333
128.067 85.5667
145.067 88.4
155.267 98.0333
147.333 110.5
125.8 108.8
178.5 98.6
189.267 91.2333
205.7 88.4
211.933 95.7667
204 108.233
189.833 111.067
149 162
155 157
162 154
167 156
171 154
177 157
184 161
177 163
171 165
166 166
161 166
155 165
152 161
162 159
167 160
171 160
181 161
170 159
166 159
161 159
