57.92 123.84
58.88 134.4
64.32 143.04
65.92 153.92
62.72 167.36
63.68 178.88
70 188
79 195
90 197
100 196
111.04 190.08
120.96 179.84
122.24 168.64
117.76 156.16
118.72 145.28
120.64 134.72
122.24 124.16
68.8 117.44
70.72 114.88
73.92 114.24
78.08 114.56
80.96 115.52
96.64 113.92
102.08 113.6
106.24 112.32
110.72 113.92
113.92 115.84
89 123
89.6 133.12
90.24 143.36
92.48 167.68
80.64 155.52
84.8 156.8
89.6 157.12
94.72 156.16
98.56 154.56
69.76 126.08
72 124
76 124
79 125
75.84 126.08
73.28 126.08
98 124
101 122
105 122
108 124
105 125
101 125
77 164
82.56 162.24
87 161
91 162
94 161
99 161
104 164
99.84 166.08
95.04 168.32
90.56 168.32
87.04 168
82.88 166.4
79 164
86 164
91 164
94 164
102 164
94.08 165.44
90.56 165.12
86.08 165.12
