112.5 346.667
112.5 377.5
114.167 406.667
115 442.5
138 470
154.167 495
172.5 519.167
189.167 541.667
209.167 550.833
235.833 536.667
262.5 515.833
287 490
304 458
319.167 431.667
312 383
308 345
303 309
110.833 320
119.167 314.167
127.5 311.667
140 314.167
156 323
192.5 309.167
204.167 307.5
216.667 309.167
232.5 306.667
253.333 310.833
172 340
171 366
170 391
169 417
159.167 425
169.167 432.5
181 438
195 426.667
214.167 406.667
126.667 344.167
135.833 336.667
149.167 335
156.667 343.333
145.833 344.167
135 348.333
205.833 335
211.667 328.333
229.167 330
242.5 334.167
229.167 336.667
216 339
162 481
175 470
182.5 466.667
199.167 466.667
208.333 462.5
220.833 464.167
234.167 470.833
218.333 480.833
207.5 485
196.667 488.333
185.833 487.5
175.833 485.833
168 480
179 474
189 472
200.833 472.5
223.333 470.833
200.833 475
189.167 477.5
180.833 477.5
