120.667 174.667
118.667 202.667
105.333 228
105.333 257.333
121 277
139 292
159 305
180 317
202 321
223 316
243 303
261 290
280 278.667
294 258.667
292 233.333
280.667 207.333
283 185
144 170.667
154 161.333
168.667 159.333
177.333 152.667
185.333 146.667
217.333 147.333
228.667 156
237.333 162
252.667 164
263.333 173.333
201 169
201 185
201 201
201 218
180 225
189 230
201 234
212 229
222 224
160 175.333
168.667 168.667
181.333 166.667
191.333 172
181.333 174
172.667 175.333
219.333 174
228.667 169.333
239.333 170
247 176
238 174.667
230 174
164 250
180 247
192 245
202 247
211 244
223 246
237 249
224 262
214 269.333
202 272
191.333 269.333
180 261
170 251
192 251
202 252
214.667 249.333
232 249
214.667 248.667
203.333 252.667
190.667 250
