169.167 284.167
155.833 309.167
145 331.667
122.5 348.333
96.6667 385
86.6667 434.167
101.667 476.667
112.5 501.667
147.5 536.667
206.667 541.667
252.5 531.667
296.667 521.667
329.167 495.833
348.333 475
355 430
361.667 397.5
363.333 360
176.667 266.667
188.333 256.667
195.833 249.167
205 241.667
219.167 238.333
268.333 240.833
283.333 250.833
294.167 264.167
303.333 275.833
320.833 290
224.167 285.833
214.167 300
201.667 312.5
193.333 322.5
189.167 343.333
195.833 344.167
204.167 349.167
221.667 346.667
245.833 348.333
179.167 295.833
192.5 281.667
203.333 279.167
213.333 292.5
199.167 294.167
188.333 293.333
259.167 300.833
274.167 288.333
285.833 293.333
297.5 300
284.167 299.167
270.833 302.5
146.667 395
167.5 370
189.167 363.333
196.667 365.833
212.5 365
235 375
250 402.5
215 398.333
198.333 394.167
180 392.5
167.5 390
159.167 391.667
153.333 389.167
177.5 373.333
196.667 372.5
220.833 379.167
245 398.333
219.167 380.833
195.833 374.167
163.333 380
