51 111
50 126
50.3467 142.387
48.38 157.727
49.56 176.213
59.7867 192.733
73.16 221.053
84.1733 241.507
103.447 241.9
127.047 238.753
141.207 218.693
157.333 192.733
169.92 171.887
169.527 152.613
165.987 135.307
162.447 116.033
159.693 101.087
60.9667 93.22
63.72 86.5333
70 85
79 88
87 92
109 92
119 87
129 83
139 84
147 90
98 102
98 112
98 122
98 133
86.9267 141.6
92.8267 143.173
101.087 144.353
108.56 142.78
115.247 141.993
67 105
72.7667 97.1533
83.78 98.3333
86 106
81.42 106.593
72.7667 107.38
114.46 106.593
122 100
132.16 99.5133
137.273 103.84
132.16 107.773
121.54 108.56
68.8333 158.907
81 158
92 156
101 157
110 155
123 157
136 162
125 174
112 181
102 182
93 181
81 176
72.3733 160.873
92 161
101 161
115.64 159.693
132 162
118.787 171.1
101.48 174.247
84.96 171.887
