306 219
299.2 259.2
297.6 297.6
299.2 344
316.8 385.6
342.4 420.8
369.6 448
408 481.6
454.4 494.4
496 473.6
521.6 433.6
540 400
560 368
572 334
579 297
582 263
584 228
332 200
358.4 179.2
376 172.8
396.8 171.2
424 168
488 168
513.6 171.2
531.2 177.6
548.8 182.4
564.8 190.4
459 210
460 230
462 250
463 272
417.6 300.8
432 297.6
456 297.6
476 297
492.8 297.6
352 211.2
377.6 198.4
401.6 196.8
419.2 209.6
400 221
374.4 217.6
493 221
512 206.4
537.6 203.2
555.2 219.2
539.2 224
518.4 227.2
364.8 336
406 324
439 321
458 325
478 322
506 324
526.4 329.6
507 375
486.4 406.4
456 419.2
420.8 406.4
393.6 384
374.4 337.6
438 331
458 334
477 332
522 335
486.4 385.6
454.4 396.8
409.6 380.8
